global q Na Ang joulesPerCalorie E_0 E_inf;
q = 1.60217646e-19;
Na = 6.0221415e23;
Ang = 1e-10;
joulesPerCalorie = 4.184;
E_0 = 8.854187818e-12;

